function P = c2P(c)
    c11=c(1);c12=c(2);c13=c(3);c14=c(4);c15=c(5);c16=c(6);c17=c(7);
    c21=c12;c22=c(8);c23=c(9);c24=c(10);c25=c(11);c26=c(12);c27=c(13);
    c31=c13;c32=c23;c33=c(14);c34=c(15);c35=c(16);c36=c(17);c37=c(18);
    c41=c14;c42=c24;c43=c34;c44=c(19);c45=c(20);c46=c(21);c47=c(22);
    c51=c15;c52=c25;c53=c35;c54=c45;c55=c(23);c56=c(24);c57=c(25);
    c61=c16;c62=c26;c63=c36;c64=c46;c65=c56;c66=(26);c67=c(27);
    c71=c17;c72=c27;c73=c37;c74=c47;c75=c57;c76=c67;c77=c(28);


P = [c11,c12,c13,c14,c15,c16,c17;
    c21,c22,c23,c24,c25,c26,c27;
    c31,c32,c33,c34,c35,c36,c37;
    c41,c42,c43,c44,c45,c46,c47;
    c51,c52,c53,c54,c55,c56,c57;
    c61,c62,c63,c64,c65,c66,c67;
    c71,c72,c73,c74,c75,c76,c77;];
end